,C>T,C>A,C>G,T>A,T>C,T>G,C>N,T>N,Count,Base,Count_percent
0,0,0,0,0,0,0,0,0,0,1,0.0
1,0,0,0,0,0,0,0,0,0,2,0.0
2,0,0,0,0,0,0,0,0,0,3,0.0
3,0,0,0,0,0,0,0,0,0,4,0.0
4,0,0,0,0,0,0,0,0,0,5,0.0
5,0,0,0,0,0,0,0,0,0,6,0.0
6,0,0,0,0,0,0,0,0,0,7,0.0
7,0,0,0,0,0,0,0,0,0,8,0.0
8,0,0,0,0,0,0,0,0,0,9,0.0
9,0,0,0,0,0,0,0,0,0,10,0.0
10,0,0,0,0,0,0,0,0,33866093,11,0.9962207490391038
11,0,0,0,0,0,0,0,0,33893070,12,0.9970143170230703
12,0,0,0,0,0,0,0,0,33919106,13,0.9977802041132043
13,0,0,0,0,0,0,0,0,33938320,14,0.9983454120771712
14,0,0,0,0,0,0,0,0,33957176,15,0.9989000889465661
15,13,3,7,2,3,0,0,0,33975926,16,0.9994516476706411
16,12,2,1,2,4,4,0,0,33979807,17,0.9995658129724082
17,12,5,1,2,1,2,0,0,33983577,18,0.9996767130465289
18,16,5,1,2,7,1,0,0,33986133,19,0.9997519015317948
19,9,7,3,5,2,1,0,0,33987621,20,0.9997956732321374
20,14,4,2,0,5,0,0,0,33988870,21,0.9998324143972772
21,18,7,2,4,3,1,0,0,33989714,22,0.9998572418939767
22,12,6,6,2,6,1,0,0,33990396,23,0.9998773039233005
23,13,6,0,1,4,2,0,0,33991010,24,0.999895365632985
24,7,2,1,0,2,2,0,0,33991539,25,0.9999109269431201
25,14,6,3,1,4,2,0,0,33992085,26,0.9999269883331653
26,12,3,2,1,3,1,0,0,33992466,27,0.9999381960064384
27,7,2,1,0,5,3,0,0,33992735,28,0.9999461090355998
28,19,4,3,1,5,1,0,0,33993136,29,0.9999579050381786
29,10,4,2,1,5,1,0,0,33993565,30,0.9999705247017855
30,7,4,1,2,0,1,0,0,33993832,31,0.9999783788980163
31,12,7,1,1,4,1,0,0,33994003,32,0.9999834091135799
32,20,7,6,1,1,1,0,0,33994052,33,0.9999848505203789
33,13,4,3,2,2,0,0,0,33994353,34,0.9999937048764294
34,20,2,0,4,5,0,0,0,33994567,35,1.0
35,13,3,1,1,6,0,0,0,33975356,36,0.9994348802854293
36,15,2,2,3,2,0,0,0,33947423,37,0.9986131901606513
37,14,9,4,1,2,1,0,0,33916582,38,0.9977059569548277
38,15,3,2,0,6,0,0,0,33882644,39,0.9967076209560194
39,18,5,1,2,2,1,0,0,33846130,40,0.9956335081426395
40,18,7,2,0,10,0,0,0,33807030,41,0.9944833243500352
41,16,3,1,3,2,0,0,0,33764744,42,0.9932394196990362
42,18,4,2,2,1,1,0,0,33719444,43,0.9919068538216711
43,13,7,0,3,1,0,0,0,33671288,44,0.9904902745194549
44,15,6,0,3,2,1,0,0,33614018,45,0.9888055935526405
45,15,3,2,1,4,3,0,0,33523668,46,0.9861478159142313
46,13,6,4,1,3,1,0,0,33418497,47,0.9830540568438482
47,16,4,2,0,3,0,0,0,33305776,48,0.9797382034605708
48,14,7,2,2,5,2,0,0,33186439,49,0.9762277307429744
49,13,6,1,2,1,0,0,0,33061139,50,0.9725418476428896
50,13,3,1,1,4,2,0,0,32930484,51,0.968698439371209
51,15,3,3,2,5,0,0,0,32795123,52,0.964716597213902
52,9,1,1,1,1,3,0,0,32654407,53,0.960577229884999
53,9,6,0,3,3,3,0,0,32509582,54,0.9563169903002442
54,12,4,0,3,4,1,0,0,32359754,55,0.9519095801396736
55,10,5,1,1,3,0,0,0,32204353,56,0.9473382320180752
56,12,8,0,1,2,1,0,0,32045785,57,0.9426737219509224
57,18,7,2,2,3,0,0,0,31883867,58,0.9379106667250683
58,10,7,2,2,5,1,0,0,31717840,59,0.9330267392433621
59,17,3,2,0,1,1,0,0,31547512,60,0.9280162915444694
60,23,4,2,0,4,1,0,0,31374116,61,0.9229155941300856
61,18,3,1,0,2,0,0,0,31196205,62,0.9176820813749444
62,20,6,3,1,5,1,0,0,31015858,63,0.9123769101103715
63,17,1,0,2,0,0,0,0,30832395,64,0.9069800771399736
64,14,6,3,1,3,1,0,0,30646345,65,0.9015071437738861
65,18,3,1,1,1,0,0,0,30457701,66,0.8959579040968517
66,6,4,3,2,4,0,0,0,30267446,67,0.8903612744942451
67,7,5,5,3,2,1,0,0,30074895,68,0.8846971046873462
68,9,7,1,3,4,2,0,0,29879513,69,0.8789496568672283
69,5,5,3,1,4,0,0,0,29681014,70,0.8731105179248202
70,7,2,1,1,2,0,0,0,29480796,71,0.8672208120785889
71,10,6,3,1,4,1,0,0,29280369,72,0.8613249581911133
72,14,5,4,2,0,0,0,0,29078165,73,0.8553768312448281
73,6,1,3,1,2,0,0,0,28874518,74,0.8493862563391381
74,12,9,0,1,3,0,0,0,28668173,75,0.8433163158101117
75,16,4,5,1,4,2,0,0,28460782,76,0.8372156056583984
76,10,7,1,2,3,0,0,0,28252754,77,0.8310961572182991
77,9,4,0,2,0,1,0,0,28043564,78,0.8249425268455398
78,17,6,1,1,5,0,0,0,27833554,79,0.8187647749712477
79,11,3,3,0,4,1,0,0,27622989,80,0.812570696958723
80,8,3,2,0,3,3,0,0,27410617,81,0.80632346339343
81,16,4,1,2,5,0,0,0,27198136,82,0.800073023433421
82,7,4,1,0,0,0,0,0,26985952,83,0.7938313201636016
83,7,4,1,2,4,1,0,0,26773292,84,0.7875756146563068
84,15,4,2,0,4,2,0,0,26560427,85,0.7813138787736288
85,10,7,3,2,3,1,0,0,26348422,86,0.7750774410510951
86,15,3,1,1,1,1,0,0,26136746,87,0.7688506813456398
87,11,1,3,1,1,0,0,0,25925452,88,0.7626351587299229
88,8,4,3,2,4,3,0,0,25713554,89,0.7564018685691746
89,10,7,2,0,3,0,0,0,25503436,90,0.7502209397166318
90,11,6,3,3,0,1,0,0,25291932,91,0.7439992396432054
91,6,3,1,1,2,2,0,0,25081631,92,0.7378129275775156
92,16,6,1,1,4,1,0,0,24872151,93,0.731650766429824
93,10,7,2,0,0,1,0,0,24663871,94,0.7255239050404731
94,6,5,1,1,1,0,0,0,24457129,95,0.719442286174729
95,14,2,1,0,2,0,0,0,24251111,96,0.7133819648298507
96,13,2,1,0,1,0,0,0,24046472,97,0.7073622087905989
97,9,1,0,0,3,2,0,0,23843261,98,0.7013844594637726
98,7,3,1,1,1,2,0,0,23641032,99,0.6954355971058552
99,15,4,0,1,1,0,0,0,23440226,100,0.689528594378037
100,8,5,1,1,4,0,0,0,23239960,101,0.6836374765414721
101,10,3,0,0,2,0,0,0,23041307,102,0.6777938074634102
102,14,2,0,0,0,1,0,0,22844210,103,0.6719959104053304
103,10,6,0,1,1,1,0,0,22647500,104,0.6662093975193154
104,7,2,3,0,3,0,0,0,22452722,105,0.660479717244229
105,14,1,3,1,6,0,0,0,22261249,106,0.6548472583869065
106,12,0,1,0,5,0,0,0,22069652,107,0.6492111518878885
107,8,4,0,2,6,1,0,0,21880700,108,0.6436528519395468
108,12,3,1,1,2,0,0,0,21693279,109,0.6381395885995548
109,10,5,1,0,2,2,0,0,21507961,110,0.6326881880860551
110,7,3,1,0,0,0,0,0,21323633,111,0.6272659098731865
111,12,2,5,2,2,0,0,0,21140470,112,0.6218779018423738
112,13,5,0,2,1,3,0,0,20958752,113,0.6165324006038966
113,8,4,1,0,2,1,0,0,20779138,114,0.6112487916083768
114,11,1,1,2,3,0,0,0,20602029,115,0.6060388708583934
115,6,5,0,0,4,0,0,0,20425697,116,0.6008518067019357
116,9,0,0,2,4,0,0,0,20251615,117,0.595730929592367
117,6,3,3,2,1,0,0,0,20079185,118,0.5906586484834474
118,11,3,2,0,2,0,0,0,19907653,119,0.5856127833603528
119,8,0,1,1,2,0,0,0,19737318,120,0.5806021297462033
120,8,5,0,1,0,2,0,0,19569108,121,0.5756539861207822
121,12,3,0,3,2,1,0,0,19402770,122,0.5707609101183727
122,4,2,1,0,1,0,0,0,19237514,123,0.5658996627314006
123,8,0,2,1,0,0,0,0,19074200,124,0.5610955421200099
124,5,3,3,0,2,0,0,0,18912391,125,0.5563356932888718
125,5,1,1,0,1,0,0,0,18750770,126,0.5515813747532069
126,3,4,1,0,1,0,0,0,18591148,127,0.5468858597316448
127,12,3,0,0,1,1,0,0,18433267,128,0.5422415587761421
128,7,4,1,0,4,0,0,0,18275721,129,0.5376071123365095
129,3,2,1,1,1,0,0,0,18120238,130,0.5330333520647579
130,7,2,2,0,2,0,0,0,17965535,131,0.5284825366359277
131,8,4,0,0,2,0,0,0,17811141,132,0.5239408108948704
132,7,1,0,1,0,0,0,0,17657554,133,0.5194228242412972
133,6,1,0,0,1,2,0,0,17505061,134,0.5149370192007447
134,10,2,3,0,3,1,0,0,17353886,135,0.5104899850614365
135,5,1,0,1,3,2,0,0,17202933,136,0.5060494813774213
136,8,2,3,1,1,1,0,0,17052250,137,0.5016169201390328
137,0,0,0,0,0,0,0,0,16895276,138,0.4969992999175427
138,0,0,0,0,0,0,0,0,16738877,139,0.492398594163591
139,0,0,0,0,0,0,0,0,16585156,140,0.48787666570366967
140,0,0,0,0,0,0,0,0,16423547,141,0.4831227001655882
141,0,0,0,0,0,0,0,0,0,142,0.0
142,0,0,0,0,0,0,0,0,0,143,0.0
143,0,0,0,0,0,0,0,0,0,144,0.0
144,0,0,0,0,0,0,0,0,0,145,0.0
145,0,0,0,0,0,0,0,0,0,146,0.0
146,0,0,0,0,0,0,0,0,0,147,0.0
147,0,0,0,0,0,0,0,0,0,148,0.0
148,0,0,0,0,0,0,0,0,0,149,0.0
149,0,0,0,0,0,0,0,0,0,150,0.0
